50 150
12 1
36 6
35 22
24 17
11 28
1 17
41 23
34 35
13 30
2 5
15 47
44 34
9 0
30 0
20 35
3 45
35 0
13 45
31 5
11 22
27 45
23 35
21 31
13 7
15 4
41 18
18 46
13 48
30 29
14 15
27 40
1 31
3 12
44 14
29 20
3 39
9 19
11 16
34 48
25 16
40 32
34 42
0 36
19 33
26 44
49 36
31 1
21 46
0 11
16 32
23 6
39 35
9 20
21 33
4 47
37 12
35 20
0 18
24 15
37 25
20 10
28 47
24 2
35 39
17 27
25 3
27 0
38 39
4 6
43 40
18 47
48 35
21 36
40 17
46 20
40 36
11 40
36 48
34 0
40 8
5 23
21 39
25 23
47 27
10 43
34 43
23 2
3 31
23 15
29 3
34 5
35 24
46 18
27 19
18 17
41 42
2 3
32 4
14 35
12 42
8 26
31 10
40 15
19 31
44 47
16 5
24 29
40 2
16 8
20 11
23 46
47 29
24 3
14 41
32 1
30 3
11 2
3 42
49 33
13 8
0 3
13 21
11 38
42 40
39 21
43 37
49 29
1 36
10 22
44 2
9 32
36 40
41 35
14 39
12 38
19 46
3 30
44 24
0 38
43 32
9 10
33 5
1 39
48 49
5 41
5 38
38 11
7 39
34 24
3 46
39
