750 1050
633 458
55 5
621 696
231 737
596 354
310 517
395 64
177 26
373 742
123 451
652 355
749 139
78 523
590 598
273 196
737 304
446 136
307 174
90 290
340 509
245 414
87 174
222 604
660 627
377 98
680 678
129 363
594 490
116 493
288 193
43 155
196 169
457 596
245 91
221 40
636 298
466 165
38 266
139 158
522 377
476 392
256 645
134 216
518 685
343 416
348 282
274 43
636 409
293 168
474 15
288 278
178 598
550 679
606 512
311 522
312 668
683 630
76 293
552 158
626 175
401 35
351 184
605 546
46 227
205 106
209 562
585 218
266 657
364 295
474 194
371 184
189 129
593 120
707 341
534 231
336 666
16 218
181 235
641 626
146 63
301 0
227 719
2 509
714 645
515 111
649 219
372 34
256 690
117 445
574 22
288 87
225 421
345 525
372 745
696 706
99 538
36 459
341 280
358 36
65 88
380 612
717 311
255 722
616 212
178 508
160 426
606 720
726 749
340 370
423 61
312 160
583 695
684 559
401 680
26 736
413 607
195 307
473 437
120 662
11 537
685 10
171 83
593 420
148 259
91 341
143 660
201 437
600 507
42 327
131 180
544 434
138 313
193 591
493 550
250 392
389 628
444 603
680 444
300 235
488 167
316 665
662 64
469 589
700 243
87 734
496 208
267 337
29 371
718 594
519 165
499 99
455 87
437 13
383 650
281 426
239 694
490 478
604 95
209 617
414 142
244 469
220 681
528 545
428 690
114 29
400 315
271 29
679 659
28 309
379 709
589 286
595 673
138 694
701 709
663 280
4 423
699 129
549 362
572 400
312 412
595 647
144 382
594 462
419 180
393 469
706 225
574 541
504 613
347 107
494 291
174 554
327 570
72 246
651 386
277 599
114 334
471 285
152 591
103 580
383 219
668 623
38 482
140 241
292 387
332 669
593 186
293 631
383 512
492 387
423 288
605 413
605 681
560 99
583 423
118 339
504 739
508 65
584 274
135 747
130 539
676 702
645 232
241 686
183 612
644 445
526 456
155 513
72 729
327 96
406 461
369 359
437 508
179 561
394 147
496 93
600 315
410 450
239 28
645 377
225 614
181 555
677 662
549 161
488 539
570 114
29 60
540 127
288 724
128 275
524 147
492 371
585 395
381 56
615 49
279 122
284 698
532 324
560 199
662 414
106 164
441 580
123 594
165 391
662 79
301 367
611 565
631 308
310 435
571 625
272 448
640 394
655 36
288 62
99 177
528 152
365 523
243 533
269 78
555 63
83 433
128 24
393 73
429 229
216 272
594 391
705 49
592 155
593 35
394 539
132 441
354 301
408 204
736 745
400 153
62 202
411 41
543 481
566 675
135 707
586 139
280 6
200 384
373 290
131 33
178 411
51 561
334 397
499 738
102 89
103 703
116 741
340 498
431 110
265 115
219 739
500 91
74 162
262 432
3 226
209 691
607 8
164 284
89 101
347 358
463 139
254 80
74 596
28 128
119 282
407 411
296 59
24 160
170 451
233 485
250 594
345 541
128 53
648 13
691 358
6 262
734 707
466 642
657 38
449 326
70 472
529 236
305 343
93 174
282 371
564 622
563 670
606 143
350 329
404 383
225 342
284 725
383 300
167 669
4 692
270 573
581 611
721 197
25 464
380 100
187 503
100 134
629 181
307 80
720 573
423 551
166 309
125 138
389 143
527 157
87 367
417 284
574 734
88 33
322 623
585 146
44 599
697 406
142 181
661 120
272 301
165 434
71 624
36 25
448 95
358 727
646 236
316 647
719 143
519 149
749 418
659 147
744 375
71 513
283 216
727 555
628 191
430 82
447 142
47 639
170 665
115 709
444 104
660 586
484 151
701 513
456 370
265 132
126 19
195 455
341 44
354 411
283 448
421 68
521 110
43 11
718 197
344 210
606 238
460 154
108 91
197 647
137 694
174 498
264 266
395 451
617 522
448 728
678 320
210 519
483 447
706 267
507 671
9 723
73 140
216 381
367 116
610 533
7 376
299 323
172 723
656 571
700 238
128 484
455 60
150 572
219 642
521 627
131 81
381 431
149 110
126 577
498 205
145 521
586 433
707 394
244 65
327 606
68 725
275 535
519 92
120 640
606 536
228 318
101 297
289 99
298 650
516 497
484 81
199 133
431 573
601 52
552 188
602 51
630 288
236 105
543 257
96 278
485 37
747 75
203 479
416 654
158 203
394 411
273 45
623 595
559 495
247 505
589 620
314 705
719 354
665 100
524 429
12 219
110 722
226 97
70 21
449 143
246 100
535 290
584 690
366 387
670 551
273 335
248 180
89 74
46 496
661 373
253 744
250 663
131 392
734 668
474 648
469 287
318 293
466 338
470 284
209 368
78 584
136 207
154 687
595 127
598 461
677 171
746 330
631 374
435 411
289 146
541 225
640 561
131 585
718 527
42 442
347 168
79 83
466 661
95 352
553 237
192 154
178 108
368 201
376 721
720 41
475 345
409 551
128 300
517 256
733 67
639 544
652 118
559 699
203 324
96 282
131 106
684 236
234 716
88 719
695 130
405 201
476 111
25 173
248 365
324 415
626 523
328 261
284 664
62 332
484 348
629 192
629 571
637 606
326 614
407 42
682 441
403 389
281 359
339 559
301 337
599 405
693 554
121 608
110 710
110 468
101 264
176 524
415 203
112 650
209 455
51 16
497 362
538 374
431 448
32 81
202 85
429 199
56 749
237 360
115 599
385 157
185 265
470 256
643 325
19 607
606 655
213 475
185 645
4 174
600 239
385 389
24 67
208 224
262 84
739 166
614 635
265 697
203 243
498 480
336 459
500 460
223 103
58 705
162 50
291 119
273 221
510 514
729 345
228 507
610 554
476 373
172 595
389 377
364 176
176 537
288 510
514 69
664 267
635 343
706 732
147 422
545 151
690 258
552 438
255 531
494 697
590 658
464 226
329 540
319 516
401 419
570 106
323 144
514 421
276 324
370 555
0 360
122 82
519 506
121 326
584 255
226 269
207 166
58 5
295 368
633 84
741 219
594 83
374 65
242 20
50 737
252 504
197 606
590 267
343 569
270 80
187 21
238 403
277 631
13 314
228 369
257 420
649 332
357 697
157 524
197 345
492 190
41 274
611 304
267 312
187 735
31 382
677 542
533 111
388 617
102 327
291 726
0 212
558 89
205 165
636 163
79 742
336 320
448 709
741 250
503 463
370 572
281 21
382 370
418 186
717 652
504 339
112 234
541 51
83 135
710 636
189 54
459 183
109 604
570 177
346 586
2 143
482 389
321 341
590 81
551 335
21 737
631 502
342 273
34 523
706 404
413 0
502 431
367 198
476 270
378 273
28 410
540 327
337 155
277 679
169 102
543 714
129 735
185 375
154 632
709 447
486 551
258 147
33 172
693 284
500 617
545 201
603 228
427 152
643 272
360 377
454 265
197 618
637 702
198 28
500 64
159 315
490 53
296 328
510 348
147 419
43 110
511 631
724 273
201 300
180 592
297 730
541 241
676 261
455 108
319 260
106 467
542 566
709 724
111 349
171 97
560 109
350 664
424 164
97 351
280 637
739 416
66 456
739 148
715 732
584 73
66 365
318 560
683 558
387 125
211 576
109 329
710 396
282 262
604 614
236 3
552 644
534 227
219 534
662 473
119 677
511 351
131 249
155 696
573 170
393 540
234 635
60 635
285 515
435 406
620 139
349 614
244 151
470 185
644 540
579 547
691 550
132 617
233 110
65 205
675 510
421 632
87 160
90 68
373 560
237 243
230 504
516 726
537 72
72 50
612 449
444 729
272 685
629 633
225 643
657 710
214 45
217 306
287 16
505 396
585 471
89 26
386 589
323 508
365 105
180 304
662 30
32 182
301 601
634 413
575 16
444 488
698 292
100 694
453 374
214 316
118 171
691 244
464 370
93 347
677 382
305 581
141 235
730 430
377 490
346 150
283 51
447 410
372 96
451 520
337 533
177 223
294 564
573 653
122 689
600 396
129 199
173 745
679 106
292 468
374 483
321 57
81 541
193 560
169 675
4 612
206 417
376 184
439 15
698 17
620 30
620 323
12 616
595 223
339 274
737 344
525 696
38 42
151 61
359 263
608 356
595 416
290 197
63 734
439 664
247 7
75 51
559 588
658 205
415 221
217 395
486 328
673 462
515 94
273 20
148 541
589 432
714 280
71 433
643 48
468 389
121 373
658 707
77 696
250 573
210 398
324 273
472 442
714 460
635 13
665 492
727 719
589 510
699 130
0 413
421 637
414 365
174 605
147 584
94 59
24 606
117 371
613 606
428 35
734 373
710 649
79 113
313 216
612 560
738 419
138 707
217 663
598 190
91 398
695 625
640 679
100 336
369 226
656 257
152 387
614 258
136 93
36 86
290 3
380 365
370 341
721 240
472 213
532 475
7 617
87 324
450 477
468 473
216 61
623 231
355 134
40 241
432 632
241 337
626 673
291 376
199 309
658 268
509 158
22 460
357 556
744 225
394 396
119 567
548 336
96 555
324 172
153 353
718 32
228 56
727 411
286 626
323 260
532 208
267 397
360 420
554 197
208 656
723 582
623 419
196 111
731 441
600 677
366 7
576 332
644 109
104 382
32 11
355 169
527 169
120 321
213 518
643 573
515 593
184 319
43 653
145 613
665 637
741 287
550 488
115 454
167 378
614 331
261 294
357 587
491 606
639 337
42 498
720 534
38 675
383 23
624 730
490 321
234 577
707 359
740 415
35 209
627 254
498
