500 800
165 383
280 125
287 79
394 370
303 104
128 394
197 215
225 427
123 451
243 21
307 136
185 349
155 184
43 63
88 433
446 136
193 49
245 414
320 134
87 174
81 35
374 73
392 466
291 358
416 228
377 98
329 100
64 229
87 13
323 492
16 106
335 473
476 392
134 216
321 487
262 209
331 370
464 112
209 179
353 44
241 135
368 296
403 239
352 363
270 41
459 397
242 416
395 11
179 358
362 74
304 349
27 467
371 184
189 129
161 402
396 389
174 405
292 418
378 83
123 284
363 269
91 384
330 226
302 374
166 149
337 163
83 396
357 379
173 233
166 111
264 227
451 205
213 284
327 184
180 359
160 426
180 488
235 245
148 209
335 431
149 120
185 406
121 426
48 305
172 47
175 98
274 369
493 48
313 314
245 293
415 404
354 158
91 44
280 4
250 392
145 373
314 81
323 102
497 498
454 403
488 258
56 370
94 238
84 116
429 282
154 124
385 369
206 82
349 129
78 367
9 211
437 13
422 100
24 94
490 478
497 137
244 469
337 157
420 209
265 394
16 33
314 427
288 426
72 455
188 238
205 414
297 401
413 258
217 151
182 333
467 7
32 115
341 382
293 116
347 107
344 290
323 359
494 119
93 114
72 246
471 285
20 171
156 111
59 164
333 72
40 188
317 270
346 487
417 391
21 404
423 288
448 341
306 344
93 169
421 167
10 12
133 47
363 52
214 189
61 444
62 419
94 226
50 411
279 200
410 450
410 158
154 241
459 370
486 296
163 448
442 384
38 163
216 460
372 292
83 127
195 172
165 171
119 374
184 16
203 220
292 324
29 225
227 361
171 46
348 460
201 345
411 29
228 327
304 94
360 11
95 197
83 433
216 272
486 291
132 441
5 256
224 233
400 153
99 472
286 90
132 28
67 35
302 208
395 476
234 204
258 3
475 329
449 117
3 226
455 271
117 192
221 340
219 307
84 203
24 186
253 322
254 80
420 281
495 114
119 282
296 59
92 236
330 252
295 393
431 273
486 135
348 43
222 195
266 6
146 260
51 78
100 90
223 374
449 326
70 472
128 420
305 343
445 346
425 57
131 325
99 217
373 341
383 300
157 65
13 391
61 141
39 234
390 219
433 494
354 90
381 262
25 464
207 397
284 324
94 410
158 437
100 134
363 264
105 213
475 108
125 138
166 309
217 345
482 97
340 135
389 143
88 33
13 222
2 69
270 470
123 343
401 168
322 92
33 151
265 258
40 438
26 224
116 181
413 95
139 86
353 357
67 466
335 388
473 450
244 273
93 379
44 373
47 76
494 433
355 441
487 73
481 25
283 216
38 257
430 82
437 29
195 213
292 87
109 466
229 219
391 285
120 372
455 468
478 347
421 68
78 267
324 262
326 38
442 279
174 498
264 266
259 287
405 159
37 59
309 307
101 94
239 182
435 201
73 297
286 29
448 197
229 250
407 218
229 470
324 117
7 278
9 115
368 487
149 110
57 208
278 365
321 332
451 138
388 17
105 336
153 276
346 74
58 177
285 195
320 413
222 123
174 42
387 77
148 373
207 340
160 147
484 81
194 404
326 469
336 66
430 122
182 491
332 157
28 327
100 385
323 251
197 447
389 261
181 284
178 174
158 203
191 187
197 380
21 429
118 128
48 76
183 100
433 106
71 365
448 338
70 21
79 74
246 100
417 371
439 320
74 308
126 298
235 193
170 378
299 79
248 180
89 74
6 100
46 496
148 227
89 344
318 72
222 156
451 82
187 170
339 332
457 11
466 338
209 368
136 207
138 324
28 491
161 268
119 267
463 3
374 263
32 31
433 343
347 168
198 396
377 168
396 93
311 274
127 417
22 227
289 410
475 345
206 338
199 423
48 40
285 3
191 195
271 399
185 407
407 324
229 255
139 4
374 22
11 104
325 134
241 289
129 306
165 25
405 201
499 226
248 365
6 173
337 439
62 332
125 94
409 408
251 121
73 471
297 93
74 84
359 267
150 30
411 251
285 147
51 16
357 396
199 301
466 324
455 274
32 81
237 360
183 300
427 82
259 346
179 244
476 102
165 382
111 91
389 292
450 102
95 328
440 48
385 389
88 396
102 123
346 237
459 77
498 480
312 318
177 243
162 50
348 334
109 331
369 178
83 223
290 51
271 87
473 236
207 267
401 419
413 183
269 402
290 418
323 144
96 356
316 135
0 360
439 152
182 128
210 276
267 281
294 275
441 145
102 422
183 28
496 259
463 437
309 119
405 2
300 216
442 31
202 244
437 197
143 240
314 213
451 237
484 261
238 403
240 194
492 190
41 274
190 4
187 130
421 125
233 345
489 110
253 157
255 36
273 266
318 279
132 433
388 400
284 276
226 419
53 389
293 367
336 320
99 297
138 195
464 368
386 339
416 378
304 383
322 114
113 95
144 257
327 94
208 288
448 496
391 220
463 101
7 105
263 131
258 307
463 375
428 315
185 127
313 178
390 284
68 105
105 194
347 366
378 311
413 0
243 197
249 359
290 128
340 327
407 387
242 358
20 166
273 259
352 260
376 257
423 348
455 464
167 136
69 169
33 172
42 461
249 435
315 112
70 148
374 117
454 265
314 193
111 419
15 131
110 210
162 168
64 332
352 209
490 53
100 492
290 54
43 110
15 169
119 283
201 300
271 118
38 488
71 346
445 83
197 109
30 54
228 314
161 360
302 218
256 459
292 355
195 359
470 63
424 164
97 351
373 435
88 337
115 464
269 377
59 336
287 13
334 143
387 125
334 419
372 364
164 361
434 364
495 259
447 485
147 398
380 373
456 499
429 343
265 404
179 38
454 353
226 267
11 471
328 19
256 133
381 24
237 243
154 454
124 409
456 389
36 266
387 98
460 207
145 198
131 396
484 365
129 402
62 394
321 169
274 373
444 377
180 304
73 218
365 343
51 486
96 339
444 488
145 131
149 485
417 135
398 99
115 87
214 316
355 167
453 374
441 9
93 347
389 464
88 252
102 395
429 185
447 410
27 429
350 152
371 470
211 301
78 462
127 131
12 118
236 150
237 151
282 206
208 42
58 193
246 80
101 473
43 442
206 417
83 271
176 25
53 396
341 423
238 87
226 132
155 47
414 457
255 19
128 295
431 138
339 376
291 114
80 32
435 342
370 178
174 148
290 197
173 10
310 0
415 221
328 205
150 403
212 138
493 38
449 265
444 91
384 87
115 390
104 225
368 457
61 341
151 163
415 150
498 28
215 207
86 43
209 105
410 343
461 377
353 462
79 230
444 417
77 286
260 148
65 20
152 413
94 256
230 424
60 400
106 83
272 60
106 472
39 459
24 116
450 477
452 47
440 347
113 395
152 79
438 78
105 42
460 356
307 396
370 265
437 235
163 58
383 0
291 376
338 87
368 11
216 73
486 39
152 146
274 345
418 385
375 20
123 103
197 186
72 274
439 26
254 281
277 242
135 456
133 232
288 290
267 397
3 165
225 140
196 111
179 49
334 487
146 273
43 32
211 344
133 377
352 496
276 71
131 61
120 321
164 94
180 80
41 474
382 437
242 313
261 294
290 373
101 275
301 262
208 22
307 258
383 23
112 218
490 321
430 227
182 384
48 199
150 414
443
