200 250
3 35
13 121
184 16
121 70
53 119
99 53
186 31
102 119
130 121
188 91
52 177
11 166
55 18
116 183
178 108
177 41
70 38
56 114
84 2
43 63
95 197
82 91
174 88
98 62
61 85
13 58
25 77
68 112
148 115
41 18
191 195
38 17
127 32
165 125
2 27
199 87
105 186
173 87
16 106
11 104
197 79
87 160
53 133
170 84
64 164
92 173
151 24
4 167
152 157
94 0
117 192
60 144
112 40
186 127
153 20
18 117
23 141
148 117
196 47
175 192
48 93
22 79
41 151
34 128
189 129
149 127
81 120
0 138
18 92
193 70
188 77
36 162
93 174
49 87
104 91
199 194
107 13
111 91
133 36
149 89
198 199
117 85
51 105
117 66
24 67
26 74
127 131
8 6
25 188
58 193
111 163
120 91
4 100
50 155
146 17
72 9
29 33
128 63
88 33
35 39
85 167
172 47
163 192
141 5
97 101
21 36
195 82
80 32
111 93
158 145
34 162
79 132
174 148
39 150
181 139
179 86
182 128
159 148
38 19
103 35
129 118
183 28
3 94
25 32
31 13
78 143
31 151
170 14
53 48
44 125
155 29
51 136
67 195
68 6
177 29
104 11
112 35
140 121
137 73
51 174
199 167
190 136
3 31
140 44
137 182
125 2
11 174
86 43
30 24
103 9
32 193
148 186
147 72
94 59
82 99
185 151
148 181
104 160
124 163
9 138
72 19
28 20
58 171
68 22
100 180
83 161
189 197
138 182
0 34
149 110
81 165
131 98
36 10
0 136
97 44
106 44
3 126
168 116
163 114
65 169
181 80
58 177
14 41
114 30
121 118
43 83
131 46
24 116
197 126
135 61
86 121
174 42
2 51
69 101
7 105
128 142
184 91
152 79
36 176
105 42
115 184
156 111
120 164
80 154
128 164
120 1
23 187
61 14
57 35
96 4
39 87
25 67
122 83
167 136
69 169
95 72
42 112
128 83
117 189
27 173
13 135
42 65
88 140
87 70
9 185
163 123
198 9
158 181
142 167
195 139
71 184
154 194
43 32
151 53
161 115
20 36
164 94
109 75
48 49
113 178
34 51
180 67
40 182
73 28
30 54
175 138
83 76
29 67
114 43
93 123
18
